user_name,trail_name
Michael Kellman,Made in the Shade
Andrew Mertens,Made in the Shade
Matthew Machu,Made in the Shade
Damian Calvert,Made in the Shade
Raúl Gross,Made in the Shade
Ryan Dunn 1,Made in the Shade
Jay Austin,Made in the Shade
Cayden Sommer,Made in the Shade
Matt Chan,Made in the Shade
Dave Pearson,Made in the Shade
Jeff Smyth,Made in the Shade
Taylor Cullum-Muyres,Made in the Shade
Mike Gordon,Made in the Shade
Kevin Doiron,Made in the Shade
Evan Ely,Made in the Shade
Amy White,Made in the Shade
Jake Richter,Made in the Shade
Nate King,Made in the Shade
evan freeman,Made in the Shade
Ryan Strathearn,Made in the Shade
Michael Cochard,Made in the Shade
Michael Turner,Made in the Shade
theiner Heiner,Made in the Shade
Scott McFate,Made in the Shade
Mike Sylvester,Made in the Shade
Ben Glover,Made in the Shade
Craig Kaufmann,Made in the Shade
Almonzo Wilder,Made in the Shade
Nick Wilder,Made in the Shade
